7f45 4c46 0201 0100 0000 0000 0000 0000
0200 3e00 0100 0000 7004 4000 0000 0000
4000 0000 0000 0000 301a 0000 0000 0000
0000 0000 4000 3800 0900 4000 1f00 1c00
0600 0000 0500 0000 4000 0000 0000 0000
4000 4000 0000 0000 4000 4000 0000 0000
f801 0000 0000 0000 f801 0000 0000 0000
0800 0000 0000 0000 0300 0000 0400 0000
3802 0000 0000 0000 3802 4000 0000 0000
3802 4000 0000 0000 1c00 0000 0000 0000
1c00 0000 0000 0000 0100 0000 0000 0000
0100 0000 0500 0000 0000 0000 0000 0000
0000 4000 0000 0000 0000 4000 0000 0000
2c08 0000 0000 0000 2c08 0000 0000 0000
0000 2000 0000 0000 0100 0000 0600 0000
100e 0000 0000 0000 100e 6000 0000 0000
100e 6000 0000 0000 3002 0000 0000 0000
3802 0000 0000 0000 0000 2000 0000 0000
0200 0000 0600 0000 280e 0000 0000 0000
280e 6000 0000 0000 280e 6000 0000 0000
d001 0000 0000 0000 d001 0000 0000 0000
0800 0000 0000 0000 0400 0000 0400 0000
5402 0000 0000 0000 5402 4000 0000 0000
5402 4000 0000 0000 4400 0000 0000 0000
4400 0000 0000 0000 0400 0000 0000 0000
50e5 7464 0400 0000 dc06 0000 0000 0000
dc06 4000 0000 0000 dc06 4000 0000 0000
3c00 0000 0000 0000 3c00 0000 0000 0000
0400 0000 0000 0000 51e5 7464 0600 0000
0000 0000 0000 0000 0000 0000 0000 0000
0000 0000 0000 0000 0000 0000 0000 0000
0000 0000 0000 0000 1000 0000 0000 0000
52e5 7464 0400 0000 100e 0000 0000 0000
100e 6000 0000 0000 100e 6000 0000 0000
f001 0000 0000 0000 f001 0000 0000 0000
0100 0000 0000 0000 2f6c 6962 3634 2f6c
642d 6c69 6e75 782d 7838 362d 3634 2e73
6f2e 3200 0400 0000 1000 0000 0100 0000
474e 5500 0000 0000 0200 0000 0600 0000
2000 0000 0400 0000 1400 0000 0300 0000
474e 5500 b3d9 0578 41e3 a31e dce3 1f97
80d0 822d aad8 ac92 0100 0000 0100 0000
0100 0000 0000 0000 0000 0000 0000 0000
0000 0000 0000 0000 0000 0000 0000 0000
0000 0000 0000 0000 0000 0000 0000 0000
0b00 0000 1200 0000 0000 0000 0000 0000
0000 0000 0000 0000 1000 0000 1200 0000
0000 0000 0000 0000 0000 0000 0000 0000
1700 0000 1200 0000 0000 0000 0000 0000
0000 0000 0000 0000 2900 0000 2000 0000
0000 0000 0000 0000 0000 0000 0000 0000
006c 6962 632e 736f 2e36 0070 7574 7300
7072 696e 7466 005f 5f6c 6962 635f 7374
6172 745f 6d61 696e 005f 5f67 6d6f 6e5f
7374 6172 745f 5f00 474c 4942 435f 322e
322e 3500 0000 0200 0200 0200 0000 0000
0100 0100 0100 0000 1000 0000 0000 0000
751a 6909 0000 0200 3800 0000 0000 0000
f80f 6000 0000 0000 0600 0000 0400 0000
0000 0000 0000 0000 1810 6000 0000 0000
0700 0000 0100 0000 0000 0000 0000 0000
2010 6000 0000 0000 0700 0000 0200 0000
0000 0000 0000 0000 2810 6000 0000 0000
0700 0000 0300 0000 0000 0000 0000 0000
4883 ec08 488b 05ed 0b20 0048 85c0 7405
e84b 0000 0048 83c4 08c3 0000 0000 0000
ff35 e20b 2000 ff25 e40b 2000 0f1f 4000
ff25 e20b 2000 6800 0000 00e9 e0ff ffff
ff25 da0b 2000 6801 0000 00e9 d0ff ffff
ff25 d20b 2000 6802 0000 00e9 c0ff ffff
ff25 920b 2000 6690 0000 0000 0000 0000
31ed 4989 d15e 4889 e248 83e4 f050 5449
c7c0 9006 4000 48c7 c120 0640 0048 c7c7
9d05 4000 e8b7 ffff fff4 660f 1f44 0000
b847 1060 0055 482d 4010 6000 4883 f80e
4889 e576 1bb8 0000 0000 4885 c074 115d
bf40 1060 00ff e066 0f1f 8400 0000 0000
5dc3 0f1f 4000 662e 0f1f 8400 0000 0000
be40 1060 0055 4881 ee40 1060 0048 c1fe
0348 89e5 4889 f048 c1e8 3f48 01c6 48d1
fe74 15b8 0000 0000 4885 c074 0b5d bf40
1060 00ff e00f 1f00 5dc3 660f 1f44 0000
803d 190b 2000 0075 1155 4889 e5e8 6eff
ffff 5dc6 0506 0b20 0001 f3c3 0f1f 4000
bf20 0e60 0048 833f 0075 05eb 930f 1f00
b800 0000 0048 85c0 74f1 5548 89e5 ffd0
5de9 7aff ffff 5548 89e5 4889 7de8 48c7
45f8 0000 0000 eb14 488b 45e8 0fb6 0048
0fbe c048 0145 f848 8345 e801 488b 45e8
0fb6 0084 c075 e148 8b45 f85d c355 4889
e548 83ec 2089 7dec 4889 75e0 837d ec02
7420 488b 45e0 488b 0048 89c6 bfa4 0640
00b8 0000 0000 e875 feff ffb8 0100 0000
eb41 488b 45e0 4883 c008 488b 0048 89c7
e881 ffff ff48 8945 f848 817d f8d4 0a00
0074 11bf b806 4000 e833 feff ffb8 0100
0000 eb0f bfc7 0640 00e8 22fe ffff b800
0000 00c9 c366 2e0f 1f84 0000 0000 0090
4157 4156 4189 ff41 5541 544c 8d25 de07
2000 5548 8d2d de07 2000 5349 89f6 4989
d54c 29e5 4883 ec08 48c1 fd03 e8af fdff
ff48 85ed 7420 31db 0f1f 8400 0000 0000
4c89 ea4c 89f6 4489 ff41 ff14 dc48 83c3
0148 39eb 75ea 4883 c408 5b5d 415c 415d
415e 415f c390 662e 0f1f 8400 0000 0000
f3c3 0000 4883 ec08 4883 c408 c300 0000
0100 0200 5573 6167 653a 2025 7320 7061
7373 776f 7264 0a00 5772 6f6e 6720 7061
7373 776f 7264 0007 0707 5461 6461 2120
436f 6e67 7261 7473 0000 0000 011b 033b
3800 0000 0600 0000 44fd ffff 8400 0000
94fd ffff 5400 0000 8afe ffff ac00 0000
c1fe ffff cc00 0000 44ff ffff ec00 0000
b4ff ffff 3401 0000 1400 0000 0000 0000
017a 5200 0178 1001 1b0c 0708 9001 0710
1400 0000 1c00 0000 38fd ffff 2a00 0000
0000 0000 0000 0000 1400 0000 0000 0000
017a 5200 0178 1001 1b0c 0708 9001 0000
2400 0000 1c00 0000 b8fc ffff 4000 0000
000e 1046 0e18 4a0f 0b77 0880 003f 1a3b
2a33 2422 0000 0000 1c00 0000 4400 0000
d6fd ffff 3700 0000 0041 0e10 8602 430d
0672 0c07 0800 0000 1c00 0000 6400 0000
edfd ffff 7800 0000 0041 0e10 8602 430d
0602 730c 0708 0000 4400 0000 8400 0000
50fe ffff 6500 0000 0042 0e10 8f02 420e
188e 0345 0e20 8d04 420e 288c 0548 0e30
8606 480e 3883 074d 0e40 720e 3841 0e30
410e 2842 0e20 420e 1842 0e10 420e 0800
1400 0000 cc00 0000 78fe ffff 0200 0000
0000 0000 0000 0000 0000 0000 0000 0000
0000 0000 0000 0000 0000 0000 0000 0000
0000 0000 0000 0000 0000 0000 0000 0000
0000 0000 0000 0000 0000 0000 0000 0000
0000 0000 0000 0000 0000 0000 0000 0000
0000 0000 0000 0000 0000 0000 0000 0000
0000 0000 0000 0000 0000 0000 0000 0000
0000 0000 0000 0000 0000 0000 0000 0000
0000 0000 0000 0000 0000 0000 0000 0000
0000 0000 0000 0000 0000 0000 0000 0000
0000 0000 0000 0000 0000 0000 0000 0000
0000 0000 0000 0000 0000 0000 0000 0000
0000 0000 0000 0000 0000 0000 0000 0000
0000 0000 0000 0000 0000 0000 0000 0000
0000 0000 0000 0000 0000 0000 0000 0000
0000 0000 0000 0000 0000 0000 0000 0000
0000 0000 0000 0000 0000 0000 0000 0000
0000 0000 0000 0000 0000 0000 0000 0000
0000 0000 0000 0000 0000 0000 0000 0000
0000 0000 0000 0000 0000 0000 0000 0000
0000 0000 0000 0000 0000 0000 0000 0000
0000 0000 0000 0000 0000 0000 0000 0000
0000 0000 0000 0000 0000 0000 0000 0000
0000 0000 0000 0000 0000 0000 0000 0000
0000 0000 0000 0000 0000 0000 0000 0000
0000 0000 0000 0000 0000 0000 0000 0000
0000 0000 0000 0000 0000 0000 0000 0000
0000 0000 0000 0000 0000 0000 0000 0000
0000 0000 0000 0000 0000 0000 0000 0000
0000 0000 0000 0000 0000 0000 0000 0000
0000 0000 0000 0000 0000 0000 0000 0000
0000 0000 0000 0000 0000 0000 0000 0000
0000 0000 0000 0000 0000 0000 0000 0000
0000 0000 0000 0000 0000 0000 0000 0000
0000 0000 0000 0000 0000 0000 0000 0000
0000 0000 0000 0000 0000 0000 0000 0000
0000 0000 0000 0000 0000 0000 0000 0000
0000 0000 0000 0000 0000 0000 0000 0000
0000 0000 0000 0000 0000 0000 0000 0000
0000 0000 0000 0000 0000 0000 0000 0000
0000 0000 0000 0000 0000 0000 0000 0000
0000 0000 0000 0000 0000 0000 0000 0000
0000 0000 0000 0000 0000 0000 0000 0000
0000 0000 0000 0000 0000 0000 0000 0000
0000 0000 0000 0000 0000 0000 0000 0000
0000 0000 0000 0000 0000 0000 0000 0000
0000 0000 0000 0000 0000 0000 0000 0000
0000 0000 0000 0000 0000 0000 0000 0000
0000 0000 0000 0000 0000 0000 0000 0000
0000 0000 0000 0000 0000 0000 0000 0000
0000 0000 0000 0000 0000 0000 0000 0000
0000 0000 0000 0000 0000 0000 0000 0000
0000 0000 0000 0000 0000 0000 0000 0000
0000 0000 0000 0000 0000 0000 0000 0000
0000 0000 0000 0000 0000 0000 0000 0000
0000 0000 0000 0000 0000 0000 0000 0000
0000 0000 0000 0000 0000 0000 0000 0000
0000 0000 0000 0000 0000 0000 0000 0000
0000 0000 0000 0000 0000 0000 0000 0000
0000 0000 0000 0000 0000 0000 0000 0000
0000 0000 0000 0000 0000 0000 0000 0000
0000 0000 0000 0000 0000 0000 0000 0000
0000 0000 0000 0000 0000 0000 0000 0000
0000 0000 0000 0000 0000 0000 0000 0000
0000 0000 0000 0000 0000 0000 0000 0000
0000 0000 0000 0000 0000 0000 0000 0000
0000 0000 0000 0000 0000 0000 0000 0000
0000 0000 0000 0000 0000 0000 0000 0000
0000 0000 0000 0000 0000 0000 0000 0000
0000 0000 0000 0000 0000 0000 0000 0000
0000 0000 0000 0000 0000 0000 0000 0000
0000 0000 0000 0000 0000 0000 0000 0000
0000 0000 0000 0000 0000 0000 0000 0000
0000 0000 0000 0000 0000 0000 0000 0000
0000 0000 0000 0000 0000 0000 0000 0000
0000 0000 0000 0000 0000 0000 0000 0000
0000 0000 0000 0000 0000 0000 0000 0000
0000 0000 0000 0000 0000 0000 0000 0000
0000 0000 0000 0000 0000 0000 0000 0000
0000 0000 0000 0000 0000 0000 0000 0000
0000 0000 0000 0000 0000 0000 0000 0000
0000 0000 0000 0000 0000 0000 0000 0000
0000 0000 0000 0000 0000 0000 0000 0000
0000 0000 0000 0000 0000 0000 0000 0000
0000 0000 0000 0000 0000 0000 0000 0000
0000 0000 0000 0000 0000 0000 0000 0000
0000 0000 0000 0000 0000 0000 0000 0000
0000 0000 0000 0000 0000 0000 0000 0000
0000 0000 0000 0000 0000 0000 0000 0000
0000 0000 0000 0000 0000 0000 0000 0000
0000 0000 0000 0000 0000 0000 0000 0000
0000 0000 0000 0000 0000 0000 0000 0000
0000 0000 0000 0000 0000 0000 0000 0000
0000 0000 0000 0000 0000 0000 0000 0000
0000 0000 0000 0000 0000 0000 0000 0000
4005 4000 0000 0000 2005 4000 0000 0000
0000 0000 0000 0000 0100 0000 0000 0000
0100 0000 0000 0000 0c00 0000 0000 0000
0004 4000 0000 0000 0d00 0000 0000 0000
9406 4000 0000 0000 1900 0000 0000 0000
100e 6000 0000 0000 1b00 0000 0000 0000
0800 0000 0000 0000 1a00 0000 0000 0000
180e 6000 0000 0000 1c00 0000 0000 0000
0800 0000 0000 0000 f5fe ff6f 0000 0000
9802 4000 0000 0000 0500 0000 0000 0000
3003 4000 0000 0000 0600 0000 0000 0000
b802 4000 0000 0000 0a00 0000 0000 0000
4400 0000 0000 0000 0b00 0000 0000 0000
1800 0000 0000 0000 1500 0000 0000 0000
0000 0000 0000 0000 0300 0000 0000 0000
0010 6000 0000 0000 0200 0000 0000 0000
4800 0000 0000 0000 1400 0000 0000 0000
0700 0000 0000 0000 1700 0000 0000 0000
b803 4000 0000 0000 0700 0000 0000 0000
a003 4000 0000 0000 0800 0000 0000 0000
1800 0000 0000 0000 0900 0000 0000 0000
1800 0000 0000 0000 feff ff6f 0000 0000
8003 4000 0000 0000 ffff ff6f 0000 0000
0100 0000 0000 0000 f0ff ff6f 0000 0000
7403 4000 0000 0000 0000 0000 0000 0000
0000 0000 0000 0000 0000 0000 0000 0000
0000 0000 0000 0000 0000 0000 0000 0000
0000 0000 0000 0000 0000 0000 0000 0000
0000 0000 0000 0000 0000 0000 0000 0000
0000 0000 0000 0000 0000 0000 0000 0000
0000 0000 0000 0000 0000 0000 0000 0000
280e 6000 0000 0000 0000 0000 0000 0000
0000 0000 0000 0000 3604 4000 0000 0000
4604 4000 0000 0000 5604 4000 0000 0000
0000 0000 0000 0000 0000 0000 0000 0000
4743 433a 2028 5562 756e 7475 2035 2e34
2e30 2d36 7562 756e 7475 317e 3136 2e30
342e 3229 2035 2e34 2e30 2032 3031 3630
3630 3900 0000 0000 0000 0000 0000 0000
0000 0000 0000 0000 0000 0000 0000 0000
0000 0000 0300 0100 3802 4000 0000 0000
0000 0000 0000 0000 0000 0000 0300 0200
5402 4000 0000 0000 0000 0000 0000 0000
0000 0000 0300 0300 7402 4000 0000 0000
0000 0000 0000 0000 0000 0000 0300 0400
9802 4000 0000 0000 0000 0000 0000 0000
0000 0000 0300 0500 b802 4000 0000 0000
0000 0000 0000 0000 0000 0000 0300 0600
3003 4000 0000 0000 0000 0000 0000 0000
0000 0000 0300 0700 7403 4000 0000 0000
0000 0000 0000 0000 0000 0000 0300 0800
8003 4000 0000 0000 0000 0000 0000 0000
0000 0000 0300 0900 a003 4000 0000 0000
0000 0000 0000 0000 0000 0000 0300 0a00
b803 4000 0000 0000 0000 0000 0000 0000
0000 0000 0300 0b00 0004 4000 0000 0000
0000 0000 0000 0000 0000 0000 0300 0c00
2004 4000 0000 0000 0000 0000 0000 0000
0000 0000 0300 0d00 6004 4000 0000 0000
0000 0000 0000 0000 0000 0000 0300 0e00
7004 4000 0000 0000 0000 0000 0000 0000
0000 0000 0300 0f00 9406 4000 0000 0000
0000 0000 0000 0000 0000 0000 0300 1000
a006 4000 0000 0000 0000 0000 0000 0000
0000 0000 0300 1100 dc06 4000 0000 0000
0000 0000 0000 0000 0000 0000 0300 1200
1807 4000 0000 0000 0000 0000 0000 0000
0000 0000 0300 1300 100e 6000 0000 0000
0000 0000 0000 0000 0000 0000 0300 1400
180e 6000 0000 0000 0000 0000 0000 0000
0000 0000 0300 1500 200e 6000 0000 0000
0000 0000 0000 0000 0000 0000 0300 1600
280e 6000 0000 0000 0000 0000 0000 0000
0000 0000 0300 1700 f80f 6000 0000 0000
0000 0000 0000 0000 0000 0000 0300 1800
0010 6000 0000 0000 0000 0000 0000 0000
0000 0000 0300 1900 3010 6000 0000 0000
0000 0000 0000 0000 0000 0000 0300 1a00
4010 6000 0000 0000 0000 0000 0000 0000
0000 0000 0300 1b00 0000 0000 0000 0000
0000 0000 0000 0000 0100 0000 0400 f1ff
0000 0000 0000 0000 0000 0000 0000 0000
0c00 0000 0100 1500 200e 6000 0000 0000
0000 0000 0000 0000 1900 0000 0200 0e00
a004 4000 0000 0000 0000 0000 0000 0000
1b00 0000 0200 0e00 e004 4000 0000 0000
0000 0000 0000 0000 2e00 0000 0200 0e00
2005 4000 0000 0000 0000 0000 0000 0000
4400 0000 0100 1a00 4010 6000 0000 0000
0100 0000 0000 0000 5300 0000 0100 1400
180e 6000 0000 0000 0000 0000 0000 0000
7a00 0000 0200 0e00 4005 4000 0000 0000
0000 0000 0000 0000 8600 0000 0100 1300
100e 6000 0000 0000 0000 0000 0000 0000
a500 0000 0400 f1ff 0000 0000 0000 0000
0000 0000 0000 0000 0100 0000 0400 f1ff
0000 0000 0000 0000 0000 0000 0000 0000
b000 0000 0100 1200 2808 4000 0000 0000
0000 0000 0000 0000 be00 0000 0100 1500
200e 6000 0000 0000 0000 0000 0000 0000
0000 0000 0400 f1ff 0000 0000 0000 0000
0000 0000 0000 0000 ca00 0000 0000 1300
180e 6000 0000 0000 0000 0000 0000 0000
db00 0000 0100 1600 280e 6000 0000 0000
0000 0000 0000 0000 e400 0000 0000 1300
100e 6000 0000 0000 0000 0000 0000 0000
f700 0000 0000 1100 dc06 4000 0000 0000
0000 0000 0000 0000 0a01 0000 0100 1800
0010 6000 0000 0000 0000 0000 0000 0000
2001 0000 1200 0e00 9006 4000 0000 0000
0200 0000 0000 0000 3001 0000 2000 0000
0000 0000 0000 0000 0000 0000 0000 0000
a301 0000 2000 1900 3010 6000 0000 0000
0000 0000 0000 0000 4c01 0000 1200 0000
0000 0000 0000 0000 0000 0000 0000 0000
5e01 0000 1000 1900 4010 6000 0000 0000
0000 0000 0000 0000 2a01 0000 1200 0f00
9406 4000 0000 0000 0000 0000 0000 0000
6501 0000 1200 0000 0000 0000 0000 0000
0000 0000 0000 0000 7901 0000 1200 0e00
6605 4000 0000 0000 3700 0000 0000 0000
8201 0000 1200 0000 0000 0000 0000 0000
0000 0000 0000 0000 a101 0000 1000 1900
3010 6000 0000 0000 0000 0000 0000 0000
ae01 0000 2000 0000 0000 0000 0000 0000
0000 0000 0000 0000 bd01 0000 1102 1900
3810 6000 0000 0000 0000 0000 0000 0000
ca01 0000 1100 1000 a006 4000 0000 0000
0400 0000 0000 0000 d901 0000 1200 0e00
2006 4000 0000 0000 6500 0000 0000 0000
d600 0000 1000 1a00 4810 6000 0000 0000
0000 0000 0000 0000 a701 0000 1200 0e00
7004 4000 0000 0000 2a00 0000 0000 0000
e901 0000 1000 1a00 4010 6000 0000 0000
0000 0000 0000 0000 f501 0000 1200 0e00
9d05 4000 0000 0000 7800 0000 0000 0000
fa01 0000 2000 0000 0000 0000 0000 0000
0000 0000 0000 0000 0e02 0000 1102 1900
4010 6000 0000 0000 0000 0000 0000 0000
1a02 0000 2000 0000 0000 0000 0000 0000
0000 0000 0000 0000 e301 0000 1200 0b00
0004 4000 0000 0000 0000 0000 0000 0000
0063 7274 7374 7566 662e 6300 5f5f 4a43
525f 4c49 5354 5f5f 0064 6572 6567 6973
7465 725f 746d 5f63 6c6f 6e65 7300 5f5f
646f 5f67 6c6f 6261 6c5f 6474 6f72 735f
6175 7800 636f 6d70 6c65 7465 642e 3735
3835 005f 5f64 6f5f 676c 6f62 616c 5f64
746f 7273 5f61 7578 5f66 696e 695f 6172
7261 795f 656e 7472 7900 6672 616d 655f
6475 6d6d 7900 5f5f 6672 616d 655f 6475
6d6d 795f 696e 6974 5f61 7272 6179 5f65
6e74 7279 0031 3031 2d6d 6169 6e2e 6300
5f5f 4652 414d 455f 454e 445f 5f00 5f5f
4a43 525f 454e 445f 5f00 5f5f 696e 6974
5f61 7272 6179 5f65 6e64 005f 4459 4e41
4d49 4300 5f5f 696e 6974 5f61 7272 6179
5f73 7461 7274 005f 5f47 4e55 5f45 485f
4652 414d 455f 4844 5200 5f47 4c4f 4241
4c5f 4f46 4653 4554 5f54 4142 4c45 5f00
5f5f 6c69 6263 5f63 7375 5f66 696e 6900
5f49 544d 5f64 6572 6567 6973 7465 7254
4d43 6c6f 6e65 5461 626c 6500 7075 7473
4040 474c 4942 435f 322e 322e 3500 5f65
6461 7461 0070 7269 6e74 6640 4047 4c49
4243 5f32 2e32 2e35 0063 6865 636b 7375
6d00 5f5f 6c69 6263 5f73 7461 7274 5f6d
6169 6e40 4047 4c49 4243 5f32 2e32 2e35
005f 5f64 6174 615f 7374 6172 7400 5f5f
676d 6f6e 5f73 7461 7274 5f5f 005f 5f64
736f 5f68 616e 646c 6500 5f49 4f5f 7374
6469 6e5f 7573 6564 005f 5f6c 6962 635f
6373 755f 696e 6974 005f 5f62 7373 5f73
7461 7274 006d 6169 6e00 5f4a 765f 5265
6769 7374 6572 436c 6173 7365 7300 5f5f
544d 435f 454e 445f 5f00 5f49 544d 5f72
6567 6973 7465 7254 4d43 6c6f 6e65 5461
626c 6500 002e 7379 6d74 6162 002e 7374
7274 6162 002e 7368 7374 7274 6162 002e
696e 7465 7270 002e 6e6f 7465 2e41 4249
2d74 6167 002e 6e6f 7465 2e67 6e75 2e62
7569 6c64 2d69 6400 2e67 6e75 2e68 6173
6800 2e64 796e 7379 6d00 2e64 796e 7374
7200 2e67 6e75 2e76 6572 7369 6f6e 002e
676e 752e 7665 7273 696f 6e5f 7200 2e72
656c 612e 6479 6e00 2e72 656c 612e 706c
7400 2e69 6e69 7400 2e70 6c74 2e67 6f74
002e 7465 7874 002e 6669 6e69 002e 726f
6461 7461 002e 6568 5f66 7261 6d65 5f68
6472 002e 6568 5f66 7261 6d65 002e 696e
6974 5f61 7272 6179 002e 6669 6e69 5f61
7272 6179 002e 6a63 7200 2e64 796e 616d
6963 002e 676f 742e 706c 7400 2e64 6174
6100 2e62 7373 002e 636f 6d6d 656e 7400
0000 0000 0000 0000 0000 0000 0000 0000
0000 0000 0000 0000 0000 0000 0000 0000
0000 0000 0000 0000 0000 0000 0000 0000
0000 0000 0000 0000 0000 0000 0000 0000
1b00 0000 0100 0000 0200 0000 0000 0000
3802 4000 0000 0000 3802 0000 0000 0000
1c00 0000 0000 0000 0000 0000 0000 0000
0100 0000 0000 0000 0000 0000 0000 0000
2300 0000 0700 0000 0200 0000 0000 0000
5402 4000 0000 0000 5402 0000 0000 0000
2000 0000 0000 0000 0000 0000 0000 0000
0400 0000 0000 0000 0000 0000 0000 0000
3100 0000 0700 0000 0200 0000 0000 0000
7402 4000 0000 0000 7402 0000 0000 0000
2400 0000 0000 0000 0000 0000 0000 0000
0400 0000 0000 0000 0000 0000 0000 0000
4400 0000 f6ff ff6f 0200 0000 0000 0000
9802 4000 0000 0000 9802 0000 0000 0000
1c00 0000 0000 0000 0500 0000 0000 0000
0800 0000 0000 0000 0000 0000 0000 0000
4e00 0000 0b00 0000 0200 0000 0000 0000
b802 4000 0000 0000 b802 0000 0000 0000
7800 0000 0000 0000 0600 0000 0100 0000
0800 0000 0000 0000 1800 0000 0000 0000
5600 0000 0300 0000 0200 0000 0000 0000
3003 4000 0000 0000 3003 0000 0000 0000
4400 0000 0000 0000 0000 0000 0000 0000
0100 0000 0000 0000 0000 0000 0000 0000
5e00 0000 ffff ff6f 0200 0000 0000 0000
7403 4000 0000 0000 7403 0000 0000 0000
0a00 0000 0000 0000 0500 0000 0000 0000
0200 0000 0000 0000 0200 0000 0000 0000
6b00 0000 feff ff6f 0200 0000 0000 0000
8003 4000 0000 0000 8003 0000 0000 0000
2000 0000 0000 0000 0600 0000 0100 0000
0800 0000 0000 0000 0000 0000 0000 0000
7a00 0000 0400 0000 0200 0000 0000 0000
a003 4000 0000 0000 a003 0000 0000 0000
1800 0000 0000 0000 0500 0000 0000 0000
0800 0000 0000 0000 1800 0000 0000 0000
8400 0000 0400 0000 4200 0000 0000 0000
b803 4000 0000 0000 b803 0000 0000 0000
4800 0000 0000 0000 0500 0000 1800 0000
0800 0000 0000 0000 1800 0000 0000 0000
8e00 0000 0100 0000 0600 0000 0000 0000
0004 4000 0000 0000 0004 0000 0000 0000
1a00 0000 0000 0000 0000 0000 0000 0000
0400 0000 0000 0000 0000 0000 0000 0000
8900 0000 0100 0000 0600 0000 0000 0000
2004 4000 0000 0000 2004 0000 0000 0000
4000 0000 0000 0000 0000 0000 0000 0000
1000 0000 0000 0000 1000 0000 0000 0000
9400 0000 0100 0000 0600 0000 0000 0000
6004 4000 0000 0000 6004 0000 0000 0000
0800 0000 0000 0000 0000 0000 0000 0000
0800 0000 0000 0000 0000 0000 0000 0000
9d00 0000 0100 0000 0600 0000 0000 0000
7004 4000 0000 0000 7004 0000 0000 0000
2202 0000 0000 0000 0000 0000 0000 0000
1000 0000 0000 0000 0000 0000 0000 0000
a300 0000 0100 0000 0600 0000 0000 0000
9406 4000 0000 0000 9406 0000 0000 0000
0900 0000 0000 0000 0000 0000 0000 0000
0400 0000 0000 0000 0000 0000 0000 0000
a900 0000 0100 0000 0200 0000 0000 0000
a006 4000 0000 0000 a006 0000 0000 0000
3900 0000 0000 0000 0000 0000 0000 0000
0400 0000 0000 0000 0000 0000 0000 0000
b100 0000 0100 0000 0200 0000 0000 0000
dc06 4000 0000 0000 dc06 0000 0000 0000
3c00 0000 0000 0000 0000 0000 0000 0000
0400 0000 0000 0000 0000 0000 0000 0000
bf00 0000 0100 0000 0200 0000 0000 0000
1807 4000 0000 0000 1807 0000 0000 0000
1401 0000 0000 0000 0000 0000 0000 0000
0800 0000 0000 0000 0000 0000 0000 0000
c900 0000 0e00 0000 0300 0000 0000 0000
100e 6000 0000 0000 100e 0000 0000 0000
0800 0000 0000 0000 0000 0000 0000 0000
0800 0000 0000 0000 0000 0000 0000 0000
d500 0000 0f00 0000 0300 0000 0000 0000
180e 6000 0000 0000 180e 0000 0000 0000
0800 0000 0000 0000 0000 0000 0000 0000
0800 0000 0000 0000 0000 0000 0000 0000
e100 0000 0100 0000 0300 0000 0000 0000
200e 6000 0000 0000 200e 0000 0000 0000
0800 0000 0000 0000 0000 0000 0000 0000
0800 0000 0000 0000 0000 0000 0000 0000
e600 0000 0600 0000 0300 0000 0000 0000
280e 6000 0000 0000 280e 0000 0000 0000
d001 0000 0000 0000 0600 0000 0000 0000
0800 0000 0000 0000 1000 0000 0000 0000
9800 0000 0100 0000 0300 0000 0000 0000
f80f 6000 0000 0000 f80f 0000 0000 0000
0800 0000 0000 0000 0000 0000 0000 0000
0800 0000 0000 0000 0800 0000 0000 0000
ef00 0000 0100 0000 0300 0000 0000 0000
0010 6000 0000 0000 0010 0000 0000 0000
3000 0000 0000 0000 0000 0000 0000 0000
0800 0000 0000 0000 0800 0000 0000 0000
f800 0000 0100 0000 0300 0000 0000 0000
3010 6000 0000 0000 3010 0000 0000 0000
1000 0000 0000 0000 0000 0000 0000 0000
0800 0000 0000 0000 0000 0000 0000 0000
fe00 0000 0800 0000 0300 0000 0000 0000
4010 6000 0000 0000 4010 0000 0000 0000
0800 0000 0000 0000 0000 0000 0000 0000
0100 0000 0000 0000 0000 0000 0000 0000
0301 0000 0100 0000 3000 0000 0000 0000
0000 0000 0000 0000 4010 0000 0000 0000
3400 0000 0000 0000 0000 0000 0000 0000
0100 0000 0000 0000 0100 0000 0000 0000
1100 0000 0300 0000 0000 0000 0000 0000
0000 0000 0000 0000 2419 0000 0000 0000
0c01 0000 0000 0000 0000 0000 0000 0000
0100 0000 0000 0000 0000 0000 0000 0000
0100 0000 0200 0000 0000 0000 0000 0000
0000 0000 0000 0000 7810 0000 0000 0000
7806 0000 0000 0000 1e00 0000 2f00 0000
0800 0000 0000 0000 1800 0000 0000 0000
0900 0000 0300 0000 0000 0000 0000 0000
0000 0000 0000 0000 f016 0000 0000 0000
3402 0000 0000 0000 0000 0000 0000 0000
0100 0000 0000 0000 0000 0000 0000 0000
